3 3 1 0.900 0.100 0.050
4 3 1 0.943 0.057 0.029
4 3 2 0.886 0.114 .057
4 4 1 .971 .029 .014
4 4 2 .943 .057 .029
4 4 3 .886 .114 .057
5 3 1 .964 .036 .018
5 3 2 .929 .071 .036
5 3 3 .857 .143 .071
5 4 1 .971 .029 .014
5 4 2 .968 .032 .016
5 4 3 .937 .063 .032
5 4 4 .889 .111 .056
5 5 1 .992 .008 .004
5 5 2 .984 .016 .008
5 5 3 .968 .032 .016
5 5 4 .994 .056 .028
5 5 5 .905 .095 .048
5 5 6 .849 .151 .075
6 3 1 .976 .024 .012
6 3 2 .952 .048 .024
6 3 3 .905 .095 .048
6 3 4 .833 .167 .083
6 4 1 .990 .010 .005
6 4 2 .981 .019 .010
6 4 3 .937 .063 .032
6 4 4 .933 .067 .033
6 4 5 .886 .114 .057
6 5 2 .991 .009 .004
6 5 3 .983 .017 .009
6 5 4 .970 .030 .015
6 5 5 .948 .052 .026
6 5 6 .918 .082 .041
6 5 7 .874 .126 .063
6 6 3 .991 .009 .004
6 6 4 .985 .015 .008
6 6 6 .959 .041 .021
6 6 7 .935 .065 .033
6 6 8 .907 .093 .047
6 6 9 .868 .132 .066
7 3 1 .983 .017 .008
7 3 2 .967 .033 .017
7 3 3 .933 .067 .033
7 3 4 .883 .117 .058
7 4 1 .994 .006 .003
7 4 2 .988 .012 .006
7 4 4 .958 .042 .021
7 4 5 .927 .073 .036
7 4 6 .891 .109 .055
7 5 2 .995 .005 .003
7 5 3 .990 .010 .005
7 5 6 .952 .048 .024
7 5 7 .927 .073 .037
7 5 8 .894 .106 .053
7 6 4 .992 .008 .004
7 6 5 .986 .014 .007
7 6 7 .965 .035 .018
7 6 8 .949 .051 .026
7 6 9 .927 .073 .037
7 6 10 .899 .101 .051
7 7 5 .993 .007 .004
7 7 6 .989 .011 .006
7 7 9 .962 .038 .019
7 7 10 .947 .053 .027
7 7 12 .903 .097 .049
7 7 13 .872 .128 .064
8 3 1 .988 .012 .006
8 3 3 .952 .018 .009
8 3 4 .915 .085 .042
8 3 5 .867 .133 .067
8 4 2 .994 .006 .004
8 4 3 .984 .016 .008
8 4 5 .952 .048 .024
8 4 6 .927 .073 .036
8 4 7 .891 .109 .055
8 5 3 .994 .006 .003
8 5 4 .989 .011 .005
8 5 7 .955 .045 .023
8 5 8 .935 .065 .033
8 5 9 .907 .093 .047
8 5 10 .873 .127 .064
8 6 5 .992 .008 .004
8 6 6 .987 .013 .006
8 6 9 .957 .043 .021
8 6 10 .941 .059 .030
8 6 11 .919 .081 .041
8 6 12 .892 .108 .054
8 7 7 .991 .009 .005
8 7 8 .986 .014 .007
8 7 11 .960 .040 .020
8 7 12 .946 .054 .027
8 7 14 .906 .094 .047
8 7 15 .879 .121 .060
8 8 8 .993 .007 .004
8 8 9 .990 .010 .005
8 8 14 .950 .050 .025
8 8 15 .935 .065 .033
8 8 16 .917 .083 .042
8 8 17 .895 .105 .052
9 3 1  .991 .009 .005
9 3 2  .982 .018 .009
9 3 3  .964 .036 .018
9 3 4  .936 .064 .032
9 3 5  .900 .100 .050
9 4 2  .994 .006 .003
9 4 3  .989 .001 .006
9 4 5  .966 .034 .017
9 4 6  .950 .050 .025
9 4 7  .924 .076 .038
9 4 8 .894  .106 .053
9 5 4 .993 .007 .004
9 5 5 .988 .012 .006
9 5 8 .958 .042 .021
9 5 9 .940 .060 .030
9 5 10 .917 .083 .042
9 5 11 .888 .112 .056
9 6 6 .992 .008 .004
9 6 7 .988 .012 .006
9 6 11 .950 .050 .025
9 6 12 .934 .066 .033
9 6 13 .912 .088 .044
9 6 14 .887 .113 .057
9 7 8 .992 .008 .004
9 7 9 .988 .012 .006
9 7 13 .958 .042 .021
9 7 14 .945 .055 .027
9 7 16 .909 .091 .045
9 7 17 .886 .114 .057
9 8 10 .992 .008 .004
9 8 11 .989 .011 .006
9 8 16 .954 .046 .023
9 8 17 .941 .059 .030
9 8 19 .907 .093 .046
9 8 20 .886 .114 .057
9 9 12 .992 .008 .004
9 9 13 .989 .011 .005
9 9 18 .960 .040 .020
9 9 19 .950 .050 .025
9 9 22 .906 .094 .047
9 9 23 .887 .113 .057
10 3 1 .993 .007 .004
10 3 2 .986 .014 .007
10 3 4 .951 .049 .025
10 3 5 .923 .077 .039
10 3 6 .888 .112 .056
10 4 3 .992 .008 .004
10 4 4 .986 .014 .007
10 4 6 .964 .036 .018
10 4 7 .946 .054 .027
10 4 8 .924 .076 .038
10 4 9 .894 .106 .053
10 5 5 .992 .008 .004
10 5 6 .987 .013 .006
10 5 9 .960 .040 .020
10 5 10 .945 .055 .028
10 5 12 .901 .099 .050
10 5 13 .871 .129 .065
10 6 7 .993 .007 .004
10 6 8 .989 .011 .006
10 6 12 .958 .042 .021
10 6 13 .944 .056 .028
10 6 15 .907 .093 .047
10 6 16 .882 .118 .059
10 7 10 .990 .010 .005
10 7 11 .986 .014 .007
10 7 15 .957 .043 .022
10 7 16 .945 .055 .028
10 7 18 .912 .088 .044
10 7 19 .891 .109 .054
10 8 12 .991 .009 .004
10 8 13 .988 .012 .006
10 8 18 .957 .043 .022
10 8 19 .945 .055 .027
10 8 21 .917 .083 .042
10 8 22 .899 .101 .051
10 9 14 .992 .008 .004
10 9 15 .990 .010 .005
10 9 21 .957 .043 .022
10 9 22 .947 .053 .027
10 9 25 .905 .095 .047
10 9 26 .887 .113 .056
10 10 17 .991 .009 .005
10 10 18 .989 .011 .006
10 10 24 .957 .043 .022
10 10 25 .948 .052 .026
10 10 28 .911 .089 .045
10 10 29 .895 .105 .053
11 3 1 .995 .005 .003
11 3 2 .989 .011 .006
11 3 4 .962 .038 .019
11 3 5 .940 .060 .030
11 3 6 .912 .088 .044
11 3 7 .874 .126 .063
11 4 3 .994 .006 .003
11 4 4 .990 .010 .005
11 4 7 .960 .040 .020
11 4 8 .944 .056 .028
11 4 9 .922 .078 .039
11 4 10 .896 .104 .052
11 5 6 .991 .009 .004
11 5 7 .987 .013 .007
11 5 10 .962 .038 .019
11 5 11 .948 .052 .026
11 5 13 .910 .090 .045
11 5 14 .885 .115 .058
11 6 8 .993 .007 .004
11 6 9 .990 .010 .005
11 6 14 .952 .048 .024
11 6 15 .938 .062 .031
11 6 17 .902 .098 .049
11 6 18 .878 .122 .061
11 7 11 .992 .008 .004
11 7 12 .989 .011 .006
11 7 17 .956 .044 .022
11 7 18 .944 .056 .028
11 7 20 .915 .085 .043
11 7 21 .896 .104 .052
11 8 14 .991 .009 .005
11 8 15 .988 .012 .006
11 8 20 .959 .041 .020
11 8 21 .949 .051 .025
11 8 24 .909 .091 .045
11 8 25 .891 .109 .054
11 9 17 .990 .010 .005
11 9 18 .988 .012 .006
11 9 24 .954 .046 .023
11 9 25 .944 .056 .028
11 9 28 .905 .095 .048
11 9 29 .888 .112 .056
11 10 19 .992 .008 .004
11 10 20 .990 .010 .005
11 10 27 .957 .043 .022
11 10 28 .949 .051 .026
11 10 32 .901 .099 .049
11 10 33 .886 .114 .057
11 11 22 .992 .008 .004
11 11 23 .989 .011 .005
11 11 31 .953 .047 .024
11 11 32 .944 .056 .028
11 11 35 .912 .088 .044
11 11 36 .899 .101 .051 